011001101111
011010000000
011010011001
011010100101
011010101000
011011000000
011011011101
011011100010
011011001111
011011000011
011011011001
011011110001
011100001110
011100100010
011100110011
011101001100
011101111000
011110100110
011110111010
011111001000
011111010101
011111000100
011110110000
011110010101
011101110000
011101011000
011101001100
011100101100
011100001110
011011111101
011011111011
011011101100
011011101010
011011101010
011011101010
011011101010
011011101010
011011110001
011100000111
011100001110
011100001010
011100001110
011100100000
011100100000
011100100111
011100110011
011100110011
011100111101
011101011111
011110000001
011110011111
011110110111
011111011100
011111100110
011111001101
011110100110
011110000001
011101010000
011100110001
011100100100
011100101110
011100011000
011011011011
011010011110
011010000011
011001111110
011001111110
011010001000
011010100011
011010110110
011110000110
101000001000
110101101010
111111011010
111101001111
101010111010
001111111111
000000100000
000011111100
001101111001
010100100010
010111011000
011000100011
011001010010
011001101111
011010000000
011010001010
011010100101
011010110110
011010111001
011010101111
011010101000
011010101111
011011000011
011011011001
011011100111
011011101010
011100000010
011100011011
011100110011
011101000100
011101011111
011110000001
011110100110
011111000001
011111000001
011110110111
011110100110
011110010011
011101110000
011101001110
011100110001
011100100010
011100100000
011100011101
011100000111
011011110001
011011101010
011011101111
011011101111
011011101010
011011100010
011011100000
011011100101
011011101010
011011101010
011100000010
011100011000
011100100010
011100100000
011100100000
011100100000
011100111010
011101110000
011110100100
011111001011
011111010101
011111011100
011111100110
011111000100
011110000001
011101011111
011100111101
011100100111
011100011101
011100001110
011011110011
011011000000
011010001111
011001111110
011001111110
011001111110
011001111110
011010001000
011011010100
100000001111
101011001011
111000001100
111111100100
111001111100
100100100110
001010100110
000000001100
000110110110
010000010011
010101111000
011000000001
011000110111
011001100011
011001111001
011010000000
011010001000
011010010100
011010011110
011011001010
011011000011
011010101000
011010101111
011011010001
011011101010
011011110011
011100010110
011100100010
011100100000
011100101001
011101001110
011101110000
011110010101
011111000100
011111010111
011111001011
011110111111
011110100110
011110000001
011101011111
011100111101
011100100000
011100100000
011100011101
011100001110
011011110110
011011101010
011011101111
011011101111
011011101010
011011101010
011011101010
011011101010
011011101010
011011101010
011011101010
011011110001
011100000111
011100100000
011100100000
011100100000
011100100111
011100111111
011101111000
011110101110
011110111111
011111000001
011111000110
011111000100
011110100110
011110000001
011101011000
011100101001
011100001010
011100001010
011100000111
011011100000
011010101111
011010001101
011001111110
011001111001
011010000011
011010001111
011010101000
011100011101
100100000100
110001000000
111100010010
111110101100
110001111010
011000000100
000011011010
000001110011
001011001000
010011001000
010110111010
011000100011
011001010100
011001101111
011010000000
011010000000
011010000000
011010011001
011010111011
011010111001
011010111001
011011000111
011011000011
011011000111
011011011101
011011110110
011100001110
011100100000
011100100111
011100111101
011101011111
011110000001
011110100110
011111000001
011111000110
011111000100
011110100110
011110001011
011101111010
011101011111
011100111101
011100100111
011100011101
011100001110
011011111101
011011111011
011011101010
011011010001
011011010100
011011011011
011011010100
011011001010
011011011001
011011100111
011011110011
011100001110
011100100000
011100100000
011100100000
011100100000
011100100000
011100110011
011101100111
011110110101
011111010010
011111010101
011111011100
011111100110
011111001011
011110010111
011101110000
011101000010
011100100111
011100100000
011100011101
011100000101
011011011011
011010101100
011010001101
011010000000
011001111110
011001111110
011010000000
011011000000
100000001000
101011011010
111000011111
111111111111
111010101101
100101001110
001011000110
000000000000
000110000000
001111101100
010101011011
010111111010
011000111001
011001011001
011001100110
011001110111
011010001000
011010001010
011010011011
011010101111
011010111011
011011001111
011011110011
011100000101
011011100010
011011001100
011011100000